-302.430000	360.420000	-893.050000
-303.108231	361.228146	-893.050221
-303.782438	362.037810	-893.051768
-304.448654	362.850578	-893.055966
-305.102966	363.668109	-893.064144
-305.741515	364.492138	-893.077632
-306.360488	365.324479	-893.097763
-306.956112	366.167026	-893.125883
-307.524641	367.021762	-893.163342
-308.062350	367.890761	-893.211511
-308.565516	368.776196	-893.271776
-309.030411	369.680346	-893.345551
-309.453280	370.605608	-893.434278
-309.830323	371.554506	-893.539437
-310.157680	372.529703	-893.662556
-310.431402	373.534016	-893.805213
-310.647433	374.570436	-893.969053
-310.801576	375.642139	-894.155793
-310.889466	376.752517	-894.367238
-310.906538	377.905195	-894.605293
-310.847983	379.104063	-894.871978
-310.708713	380.353309	-895.169446
-310.483307	381.657453	-895.500004
-310.165962	383.021391	-895.866133
-309.750429	384.450444	-896.270515
-309.229944	385.950414	-896.716062
-308.597149	387.527646	-897.205948
-307.844001	389.189108	-897.743651
-306.961667	390.942476	-898.332994
-305.940503	392.796049	-898.978106
-304.771662	394.755725	-899.681948
-303.447010	396.825067	-900.446398
-301.957807	399.007636	-901.273427
-300.294675	401.307028	-902.165119
-298.447611	403.726822	-903.123649
-296.406014	406.270518	-904.151258
-294.158715	408.941473	-905.250224
-291.694032	411.742815	-906.422825
-288.999828	414.677353	-907.671301
-286.063604	417.747471	-908.997803
-282.872605	420.955000	-910.404336
-279.413958	424.301086	-911.892699
-275.674844	427.786028	-913.464405
-271.642700	431.409107	-915.120600
-267.305469	435.168399	-916.861966
-262.651888	439.060563	-918.688616
-257.671822	443.080629	-920.599981
-252.356651	447.221762	-922.594678
-246.699695	451.475032	-924.670389
-240.696691	455.829185	-926.823716
-234.346305	460.270419	-929.050047
-227.650675	464.782192	-931.343426
-220.615965	469.345059	-933.696428
-213.252918	473.936563	-936.100056
-205.577382	478.531197	-938.543666
-197.610777	483.100445	-941.014921
-189.380477	487.612933	-943.499800
-180.920059	492.034695	-945.982654
-172.265385	496.332838	-948.447342
-163.445813	500.482475	-950.879655
-154.489821	504.461383	-953.266091
-145.425982	508.249056	-955.593685
-136.282506	511.826935	-957.850179
-127.086810	515.178608	-960.024170
-117.865122	518.289935	-962.105227
-108.642124	521.149128	-964.083990
-99.440656	523.746772	-965.952229
-90.281465	526.075792	-967.702881
-81.183022	528.131381	-969.330060
-72.161390	529.910876	-970.829042
-63.230155	531.413612	-972.196221
-54.400397	532.640743	-973.429057
-45.680719	533.595048	-974.526003
-37.077309	534.280725	-975.486416
-28.594035	534.703181	-976.310471
-20.232565	534.868818	-976.999059
-11.992512	534.784836	-977.553690
-3.871580	534.459033	-977.976396
4.134272	533.899626	-978.269630
12.030674	533.115082	-978.436182
19.824682	532.113967	-978.479084
27.524630	530.904812	-978.401540
35.139989	529.495992	-978.206846
42.681233	527.895627	-977.898327
50.159724	526.111488	-977.479281
57.587605	524.150927	-976.952922
64.976107	522.021439	-976.322681
72.321439	519.736065	-975.595152
79.611932	517.310532	-974.778478
86.836930	514.759758	-973.880428
93.986822	512.097826	-972.908370
101.052977	509.338004	-971.869284
108.027672	506.492775	-970.769764
114.904032	503.573856	-969.616032
121.675958	500.592234	-968.413948
128.338070	497.558195	-967.169020
134.885645	494.481358	-965.886421
141.314562	491.370706	-964.571004
147.621243	488.234622	-963.227314
153.802608	485.080925	-961.859602
159.856021	481.916898	-960.471846
165.779246	478.749325	-959.067758
171.570402	475.584524	-957.650807
177.227927	472.428378	-956.224227
182.750532	469.286362	-954.791035
188.137172	466.163581	-953.354043
193.387009	463.064792	-951.915876
198.499379	459.994434	-950.478978
203.473766	456.956656	-949.045630
208.309771	453.955344	-947.617963
213.007085	450.994142	-946.197963
217.565468	448.076480	-944.787492
221.984718	445.205597	-943.388290
226.264657	442.384560	-942.001992
230.405128	439.616275	-940.630127
234.408281	436.902210	-939.273472
238.280058	434.241593	-937.931643
242.026262	431.633661	-936.604238
245.652167	429.077895	-935.290953
249.162561	426.574003	-933.991582
252.561787	424.121913	-932.706009
255.853774	421.721758	-931.434205
259.042069	419.373870	-930.176226
262.129864	417.078767	-928.932211
265.120024	414.837149	-927.702373
268.015108	412.649890	-926.487007
270.817389	410.518028	-925.286478
273.528875	408.442762	-924.101227
276.151326	406.425446	-922.931763
278.686270	404.467580	-921.778665
281.135019	402.570806	-920.642580
283.498680	400.736901	-919.524220
285.778174	398.967775	-918.424363
287.974244	397.265459	-917.343849
290.087468	395.632103	-916.283577
292.118270	394.069966	-915.244509
294.066933	392.581415	-914.227661
295.933607	391.168909	-913.234107
297.718322	389.834999	-912.264972
299.420997	388.582318	-911.321434
301.041449	387.413569	-910.404716
302.579404	386.331519	-909.516090
304.034510	385.338987	-908.656866
305.406581	384.438025	-907.828190
306.696877	383.625704	-907.029974
307.907222	382.897193	-906.261648
309.039447	382.247659	-905.522634
310.095394	381.672272	-904.812354
311.076905	381.166211	-904.130224
311.985829	380.724660	-903.475654
312.824017	380.342811	-902.848054
313.593320	380.015866	-902.246832
314.295591	379.739038	-901.671390
314.932681	379.507551	-901.121132
315.506441	379.316640	-900.595458
316.018718	379.161552	-900.093768
316.471357	379.037547	-899.615461
316.866198	378.939899	-899.159936
317.205076	378.863893	-898.726592
317.489821	378.804827	-898.314825
317.722257	378.758012	-897.924036
317.904202	378.718772	-897.553624
318.037465	378.682443	-897.202990
318.123849	378.644370	-896.871534
318.165148	378.599910	-896.558659
318.163150	378.544431	-896.263770
318.119631	378.473307	-895.986271
318.036359	378.381921	-895.725571
317.915096	378.265662	-895.481077
317.757590	378.119924	-895.252202
317.565583	377.940106	-895.038358
317.340800	377.721686	-894.838961
317.084705	377.462783	-894.653455
316.798453	377.164689	-894.481317
316.483177	376.828881	-894.322029
316.140004	376.456826	-894.175079
315.770058	376.049989	-894.039954
315.374459	375.609826	-893.916147
314.954324	375.137793	-893.803153
314.510765	374.635338	-893.700468
314.044895	374.103909	-893.607591
313.557825	373.544950	-893.524023
313.050662	372.959903	-893.449267
312.524515	372.350209	-893.382827
311.980491	371.717309	-893.324209
311.419697	371.062642	-893.272919
310.843242	370.387647	-893.228465
310.252232	369.693765	-893.190357
309.647777	368.982435	-893.158104
309.030986	368.255100	-893.131216
308.402971	367.513202	-893.109204
307.764845	366.758188	-893.091579
307.117721	365.991503	-893.077854
306.462716	365.214597	-893.067540
305.800950	364.428921	-893.060150
305.133542	363.635930	-893.055197
304.461616	362.837081	-893.052192
303.786298	362.033834	-893.050650
303.108716	361.227651	-893.050081
302.430000	360.420000	-893.050000
